5022
892590 993446
692209 342177
559916 812201
422064 619255
527264 20658
784669 87662
483945 199422
179703 682955
751058 457391
641927 196627
340648 690580
987861 650492
920201 78639
260778 120106
495189 573257
862827 679064
875807 88754
621942 882821
734998 898564
495711 867989
220641 157061
127258 940238
554201 301733
223827 792107
779030 463258
407238 928743
629257 676773
359002 159825
185445 981216
735034 670181
553252 980033
992830 432919
523001 67659
982961 121029
821088 421053
88056 427134
947353 810474
555405 898275
929711 178051
321065 291577
812294 390686
882736 245057
206378 646531
214117 595295
71879 520134
922500 946738
648859 552435
795531 637010
645711 336161
446437 493762
263583 451136
832568 761777
634623 815277
955968 865183
104548 237564
978383 556527
557780 762101
779770 803325
505777 648741
873278 169760
358534 578549
14002 307041
265530 512393
755760 409600
157168 129712
288857 541656
919605 812119
537141 407799
297518 352148
532408 890715
268447 192573
508950 997883
409778 848285
776562 993443
735694 785542
499497 818950
808357 275855
792554 833381
704660 353058
212639 43479
159065 35100
412311 782667
571346 782931
908674 4922
982540 737617
131334 535681
582414 430797
740893 750032
157268 171216
628380 936735
794575 627612
582262 581682
192347 385186
623644 525667
141500 811032
290147 373511
349900 715431
597389 775356
83155 484236
861068 714634
572530 100464
827223 555398
908849 947120
254158 737958
975320 892143
114110 313422
266159 357544
885112 437421
244454 915266
334232 438451
602079 505610
177340 748767
257472 344066
162838 290482
952303 844416
19165 856703
385317 587774
498743 781805
676348 444594
604997 267097
562402 989070
863129 726318
533949 334315
992158 876873
472583 753409
58168 585634
266119 543695
133074 407169
926625 262404
940654 29793
401249 479353
397098 882035
777289 638914
319941 420957
922907 955416
584794 259684
117345 891120
288054 253482
967821 420172
725706 136835
705646 495580
637711 754156
842546 611459
880701 114406
598809 227379
439087 627017
573992 563767
807864 398818
867844 11890
229605 669828
726676 451149
80481 10375
278801 42685
108746 846281
289486 95918
563948 153157
853007 998880
324993 305653
827666 722127
399290 382667
363404 167419
827773 759748
776979 704834
370128 557437
691258 336942
650394 546233
319396 943550
427403 52324
523126 545091
655712 960752
439296 976381
765912 4287
624580 672200
632202 10879
223727 901897
159202 131221
550191 340743
373052 960986
698241 106647
744210 280852
665177 34214
734056 697714
244475 801997
242841 203300
273822 968701
746044 936360
84721 563311
788961 317414
266769 218767
977855 189167
774761 808556
606614 3297
812609 112576
951914 609714
564134 863359
952116 609133
284271 42858
812845 526720
645498 491074
820721 650638
45540 627454
609204 848443
497518 828859
4313 300229
319622 618894
426707 542754
635746 253174
160345 276623
878373 939782
597073 284049
397078 936685
10670 388836
728278 54612
67641 469397
706457 646576
612269 275500
990785 431699
259200 878310
678502 94804
852895 919344
93638 546961
707472 722433
989788 325284
337217 934453
66434 401780
898042 539100
785561 841205
744398 635947
380653 634819
475491 599133
919625 27973
121591 942385
181222 590481
788459 427988
168642 653190
113271 235504
468282 296210
815181 773369
210459 760417
451879 315844
669935 574486
761078 855162
127248 975182
13412 977617
319786 376440
299150 701520
178708 671310
630336 110680
253142 888584
141359 384934
227429 141152
331580 286379
833820 965248
155425 345372
167438 934388
487154 770055
769241 430711
690564 378654
341574 533554
889947 706480
797715 162597
62949 636130
228908 215879
26890 582782
930652 618069
326961 310940
788900 913550
67659 54793
178445 497053
58221 450142
879067 230285
313765 798131
940231 549197
927287 280480
555053 735528
5522 221908
126992 195589
632609 783536
581501 127412
298256 259534
417365 86503
300438 913159
416974 588705
396045 508501
221341 101116
140134 827819
34995 828609
84104 602253
514567 413148
132071 434492
611617 123748
874475 12395
265041 304709
420829 552794
673742 335465
426727 312125
675092 765248
192024 560532
117368 205047
619324 375329
76299 602607
656931 401164
930989 136010
446940 392399
497406 24956
977180 406155
601638 216638
134858 49260
103744 782154
687839 157266
263942 679294
233263 127286
212950 860036
804891 577930
120549 403876
526921 901674
127285 183800
509884 163123
299199 844325
98600 50454
74661 226065
73046 940363
559498 929319
856831 791578
973586 954942
756360 163771
822347 607753
264146 237203
415439 909000
534548 407606
848165 237377
602286 672207
48211 942404
337284 308756
191783 538758
366779 605216
537828 589757
398501 326206
211128 8733
92812 827969
900268 128928
918717 966821
260628 154620
905719 214210
12241 422869
578280 961659
964900 314241
444721 957210
914759 808237
235300 33477
418953 394541
20474 638175
805162 917946
663897 800310
769757 893810
638408 786719
99137 236681
279698 672485
871898 188636
363534 460799
293698 211612
752233 624644
551123 638397
573103 434117
472961 956525
968054 618963
448681 385628
495117 533441
539396 425199
568787 190306
64645 474871
75235 698947
867907 922613
29021 992350
490095 551381
867996 593773
97707 464858
815558 807359
337822 868534
230649 960768
355345 243883
829352 498211
225327 311345
764234 974905
291915 806090
556842 813089
900942 905976
287685 266444
46001 240754
689913 984701
854408 684422
645281 413842
269761 398208
164622 450664
967610 837483
989107 303530
845107 728113
214262 363793
490920 988920
319687 458028
487069 483510
345958 395493
468555 125540
252345 251995
152187 714316
874363 895490
154816 347791
851040 384469
84916 412217
672688 754493
306859 142982
833396 877896
675980 954354
883016 403878
55826 547367
852105 448270
455009 16143
590671 667707
807700 263980
319916 796022
604980 312357
865457 961791
781584 153367
339445 229354
445566 629445
109047 940991
919391 130804
590532 323823
415290 171211
212845 726357
488940 205787
987642 91042
145745 994020
139100 666432
970672 496926
745424 114643
515752 561000
738071 609831
529665 540799
340871 8683
737828 975980
473730 763806
296765 380573
986201 146878
287112 472217
578508 268983
483937 848483
712935 218271
169012 277208
150360 851486
894584 762371
311337 429435
160215 297901
727033 568397
979168 765739
134115 560124
338514 472832
568958 380414
824187 524209
771414 939735
999396 830678
369982 119605
284817 375308
104607 601157
988757 293741
712798 411581
372119 738066
183553 982522
221523 140506
761286 10217
216770 573228
672541 391011
7214 577236
11791 306664
777452 929506
280466 962749
742210 662623
433767 480209
639741 662510
259711 457182
747919 495561
196899 440653
371505 440660
833661 619059
270972 866591
941366 337176
998282 9344
395315 449187
73223 404876
98804 167008
197096 460074
330904 549206
607201 939199
547432 808290
417118 734787
553772 817747
330023 953896
979069 686402
836433 724025
559487 33179
451824 523035
602452 164779
339120 462482
359051 6349
807466 885530
4688 642688
901684 470086
750038 647667
517895 838323
154425 920375
887291 538639
951838 9363
397706 771544
933913 406456
856979 825399
967143 985165
697320 281304
642528 114479
116108 972621
466568 77874
13523 930154
454527 478642
509312 201457
587150 643633
820620 111651
733329 993388
45378 655427
402110 447490
83011 187919
758454 475233
675045 966585
916439 393035
149509 316751
507288 628551
185507 438651
48771 137601
990705 680960
240851 112690
197224 982374
18027 247564
869503 38006
600965 613480
657578 710091
516154 425536
943895 875417
833498 201622
402287 714886
212899 252142
77373 409807
830017 703385
396659 101337
232205 9621
548676 131288
15283 272080
743180 74379
235131 100901
982673 865427
585066 199771
850956 12764
891788 416315
816251 946555
859218 596373
567659 437763
429542 316070
807883 558224
863793 102970
44549 306943
417439 13855
739143 207264
764231 855732
204869 43717
93480 353569
898336 968158
954977 628536
598225 822704
343605 518230
346454 992643
530708 851480
928914 725806
870779 654237
671475 338139
293528 17636
257554 451941
252096 278656
569827 569050
349667 933860
541382 592445
166442 695672
348378 354994
345283 161771
422130 683617
860461 176575
198877 410627
862834 38830
955653 222378
728824 512316
13314 996437
291529 412279
516045 582451
675086 214419
859613 984480
404830 295888
642708 104456
210866 339068
362242 39999
881321 385129
688555 62527
557906 285648
921624 728465
251825 912184
483172 392809
315841 210130
834311 703066
576558 888502
103736 79355
552167 587602
746922 169847
750573 936326
544550 964409
144604 636254
284761 148678
644635 145468
351354 333712
755289 792372
774625 758219
625908 274750
880127 402494
284577 891942
623018 871614
881564 726677
29041 984968
393806 819547
891504 536950
254947 295674
609116 430797
778454 785823
592007 652492
594041 106015
490267 578331
593475 668668
934065 72629
356803 407121
961017 742637
713031 174042
307003 816080
207877 70735
897807 104719
366669 52470
161940 478445
953395 809725
971600 623109
576801 261624
566584 472732
336947 342359
750444 203986
615689 661574
956640 309969
327634 825491
24961 179424
446158 868016
589163 658887
942665 710801
59546 595135
658582 911142
746812 920433
1552 532819
722699 898219
388993 849957
97985 913658
872580 933920
843372 690494
319030 653312
75383 54987
296054 600829
783460 673136
161521 728536
83054 692117
895617 912157
857028 664250
404721 471401
131427 259979
941870 469746
681160 642289
461182 44669
326751 698264
830870 834721
627695 940597
464709 485472
766672 467962
154442 302262
540542 809816
647697 747905
352123 778665
844902 793523
739186 361119
219893 227637
188139 581786
960138 104622
349419 854624
401709 166853
75864 259730
264901 233648
542694 412759
103886 901340
48131 839767
251488 117479
597626 44425
577060 604202
297557 4396
163418 538324
948118 225923
58397 641984
724075 599375
678296 260740
899886 562968
319517 494802
869768 83862
684553 169358
581520 239679
812501 510557
452582 165079
543082 439797
609021 286026
833277 306168
114330 631416
578433 652190
698794 742807
882628 120701
310896 723230
139575 271502
979758 930830
142926 163056
729513 4651
679747 820803
681880 822038
476619 76940
335437 536876
202005 770898
446525 4077
171308 930139
247262 424559
202263 961207
851092 148671
749507 396194
971208 137288
831633 123398
58079 113407
95013 376026
34702 444745
879428 771929
158766 15914
347000 335960
521787 222349
84756 722336
903434 211841
85476 118966
710552 938997
480915 603361
252988 683804
338882 435007
361993 813685
200483 566312
215232 480900
399745 881731
342368 610830
472193 535526
874991 117320
283018 236060
532268 512893
316133 438621
264222 810482
429573 426949
971845 147654
307533 985066
398927 404445
399989 18540
100773 715783
846622 74840
810399 282016
124900 787470
531583 392144
608082 323623
798364 385085
279883 86659
850972 705742
540298 230513
425624 947892
597540 11222
201986 783926
19418 101004
154574 238548
840910 175508
639822 170147
740481 260564
682997 467313
139669 975716
796576 48728
717322 888579
785823 291367
631804 156242
161139 888538
440433 282927
122061 527430
466733 331623
685938 884270
572342 3333
948466 543786
506278 688477
805631 18346
72893 655534
729827 62807
531003 119342
303572 156187
35431 379479
317040 172996
51347 591227
368936 884219
762860 585295
740085 347427
555975 736151
267551 217848
631693 748430
423157 508741
869049 491824
593109 330532
123461 497145
362785 922292
219941 539673
950637 80089
690787 143073
698329 760796
574206 240403
462878 570125
462697 624583
705145 977374
912412 670258
123764 661033
544105 682206
340142 749863
5566 463999
742199 195474
92480 5343
283001 784291
68088 58453
369860 589810
607371 227829
83521 191381
405270 906092
195282 821082
488184 971450
856800 311118
130638 363213
101845 269957
441884 654017
501992 632825
388467 963160
43783 10775
908880 399612
83351 490918
4427 373405
795783 585055
619897 636699
306337 35799
862818 64206
786537 814813
847492 433321
107707 215969
374853 206682
507840 504750
872682 490271
541631 834271
543930 545950
542735 315506
990987 392713
684862 88628
945429 948657
356891 116429
81489 528445
999141 214665
622925 232287
201070 291212
544981 602771
66228 368662
454241 66277
110365 539435
164691 336091
645847 22525
330173 779262
379238 856636
24151 587874
576269 669628
227392 868608
758049 998896
794272 478958
30673 538084
577957 470838
426748 804153
119915 74012
483769 977446
36193 206945
729263 858553
33542 498588
242103 321538
82462 776513
210112 785973
545312 810588
518636 597821
583961 871413
185319 648345
256136 377518
446986 658903
679976 557635
104396 17803
639918 225963
300974 858580
840961 93413
289660 412234
622555 260490
946768 105749
404814 42624
573966 146387
770248 617351
526231 64042
14357 927187
351273 305167
273217 830116
585630 469297
210871 590185
408452 902181
894915 184391
798976 469961
893266 420079
443631 462288
806596 598241
149476 739610
831153 208654
600431 914682
529088 246132
869517 894179
110907 51787
470911 951309
491304 764125
10273 871763
987938 989236
760984 518460
124559 463287
881086 713219
550739 518088
384636 971955
260199 640831
168198 992529
423249 336892
759208 37948
760789 23485
43630 652587
273955 549195
29259 405799
72258 4877
863858 700378
724177 915272
798246 292763
973517 801385
712380 999245
702767 300345
43309 572472
591920 824670
35290 421534
730474 78784
334967 213388
367595 797244
560555 910808
318464 663370
451023 297628
821585 222986
644206 731126
838843 530796
656214 425325
953466 781589
115777 71486
947633 666900
337793 844202
898183 780893
695987 774758
475890 761519
446980 915862
324449 64480
980865 781306
783463 836777
9996 634176
375600 462252
582149 645802
207550 624115
904632 628683
767778 481421
56152 267325
442213 523323
732336 378762
760599 977874
656535 445099
900816 81024
402560 509537
243918 391754
244176 41453
223386 629418
347066 822570
673519 894571
135351 168182
403883 260330
869869 356550
28964 810038
511833 111236
83118 982495
196768 679561
103786 104054
10609 399429
712221 582219
61501 125257
626119 454752
765401 785815
453157 475924
336812 889953
395757 51490
196311 10486
227997 265514
716891 553662
206122 588627
903133 464662
134793 986148
877477 446949
792701 789928
397842 16539
605381 357405
373142 828112
219229 617814
838284 211268
539636 421641
385092 645631
533030 160230
894585 710640
395295 311706
201694 662814
333712 533307
571245 762981
725076 263965
313184 831195
566000 480610
617446 645928
784529 390584
493283 635505
664113 947431
697918 8227
395997 725545
813417 943083
708910 290592
89968 652173
208128 578031
347572 504716
541551 708828
688533 668598
107666 732565
646132 842565
198737 983682
408634 185449
306532 536322
78267 336225
843229 861454
278645 994692
119673 480208
202312 598720
181683 728089
534400 59592
667967 133162
153694 789867
366319 271888
183646 160133
389772 552333
368721 488080
945680 50023
333065 230336
808560 579775
82345 981104
196881 570375
635715 42921
517875 65979
319712 466491
786297 468999
46780 716058
412766 971485
920958 836055
737484 413421
623864 616876
797541 300118
491687 674463
375479 945035
688383 658404
75852 923873
972701 536306
253306 818100
169341 871936
500447 895888
501309 296546
529290 948418
805438 840563
703487 205596
434561 623057
950613 791838
729772 265245
949691 946065
842015 135717
567108 299805
70696 610313
221389 919651
100731 107017
605772 454464
213386 754799
719455 487169
537944 47075
316780 921198
220511 387895
73964 874169
406113 355640
603078 314284
42044 102781
193244 115615
972424 398545
396197 672396
736079 101267
595669 458565
442576 730898
67357 202808
671560 303918
603859 537082
602720 454261
68237 262061
613187 602410
999671 735857
218292 545097
156723 877890
681745 848481
823691 979321
584016 197464
889446 923310
653687 574292
652596 391254
873101 637155
878798 697264
686503 570901
288069 997794
642025 188202
927891 773219
570711 649187
881752 598182
697520 265049
552315 987285
265306 675751
589741 835892
219255 203932
245081 629073
976514 803145
528341 292423
110886 739495
666252 44591
336561 695626
90563 972667
128773 692731
448566 91561
494630 678658
235822 330941
473645 260838
107155 462984
467475 45810
194898 529398
105102 411085
837240 380763
774274 871891
629753 912758
6339 589534
887724 348500
193670 896352
928084 459996
877620 520840
616730 161973
443236 222257
913304 500361
584396 366927
847697 532909
172333 313899
968343 730822
289515 918955
333833 9137
707406 464714
591679 611468
460996 438426
538434 474800
376950 174149
374583 289286
274376 184772
138028 156943
817401 848029
73177 801351
799998 15720
546940 570940
307281 336347
742066 963862
936744 355865
71226 353224
844325 323875
493855 998315
100018 443309
613221 503751
205858 664973
316070 621024
473452 327058
332833 244388
473068 422354
203124 637394
699738 450516
16864 534105
465671 436079
335731 261730
526038 681359
799307 590443
780333 705307
162100 81153
519587 385385
885596 119169
336456 35304
916816 169137
513451 540646
185841 197884
458396 309501
237537 535540
79532 806258
637005 24905
662092 154579
826626 837551
383514 377714
699920 38365
691897 706016
423296 40170
758362 303487
451063 664262
886306 819279
580629 508860
244637 378739
75015 366293
840509 622059
136714 719320
555140 463171
27294 155087
168240 767282
885821 647603
345736 480428
990947 652379
813381 880093
917523 896694
605487 571941
590712 444946
543356 503434
891471 89861
572765 289705
6488 380780
155740 308663
396981 822890
221512 206544
900257 879864
569411 267675
283552 658775
856008 593677
998031 34866
844199 332376
93040 229177
33220 948217
82874 246236
752953 823678
494660 259941
572618 29404
190966 711945
893133 334852
271220 184501
304780 299938
927706 767635
727717 860937
641766 713108
492634 879519
99417 482506
140691 215940
851806 150978
627613 178636
231462 917974
969834 836364
134981 2969
846818 743602
189230 964594
120357 690510
846090 764143
590661 141439
836294 82572
879780 214427
30263 297542
941428 386432
238341 51414
753293 70914
734784 363743
845124 792792
19835 898814
304233 210472
175445 803015
680176 457244
435538 319767
856254 35196
642978 254233
377197 276584
829740 490638
218500 972773
93956 602015
344250 773614
508611 421958
230817 331543
257605 688262
238099 938986
62916 178836
174422 146186
271424 880215
676490 857112
914974 793661
205557 820533
597288 800296
313802 99024
607390 975873
5651 871872
734361 597864
581638 831170
654715 490397
130320 618581
965695 234974
294632 525797
579710 766619
984520 646601
966237 972366
216699 386302
442439 192454
193742 140319
742358 521543
735578 214694
72481 775422
882016 702057
241278 882059
917021 686868
478938 992180
238088 585980
652927 414723
731947 145865
544700 124938
483035 804701
944661 412930
418705 438149
539039 130666
6610 113657
206810 898619
916824 646831
220740 921365
550066 3485
454353 648604
133756 193568
252327 379662
869588 128837
184253 352089
569323 252988
69698 341392
186043 92205
360904 724953
929125 745817
807763 902079
798132 262003
608087 532257
961405 953305
920331 493456
629240 277149
70412 63190
741019 688139
543878 824965
173416 670824
368862 451168
849779 166762
843115 260218
5219 589314
755849 755135
158943 173021
948269 988486
634032 248406
138477 83883
754385 459192
810275 417790
537185 726962
986658 252380
336304 524333
300960 184728
208480 734754
528592 591302
271961 331454
944585 269182
673858 673990
456951 467140
885953 207624
84774 753081
181078 936439
10900 400061
622227 176508
141268 204798
441255 408222
357732 757265
132583 278291
134258 685960
664436 921406
603099 983284
417806 935260
303013 460148
824755 614560
675598 87340
752742 82249
552829 499405
777063 822356
294753 348518
696808 690384
685398 42430
164380 210444
294431 433735
244805 702809
816425 409336
14396 90963
63404 628470
501247 478405
675651 123877
999750 828687
253956 465978
104276 384352
799514 54724
306053 457571
558458 529537
909244 827224
379829 385776
678823 599837
190475 688088
112101 783396
273061 173900
64923 782850
195041 687096
723520 989921
941910 830913
352635 967453
715750 672766
466377 463468
559235 281065
809444 53708
122010 258704
512496 175608
976934 663224
118623 906494
215134 422213
455042 810224
561020 698462
561072 318119
786232 72837
779002 825225
523465 974200
718417 604193
440477 249415
899244 699832
922685 763321
748093 644999
972482 180377
927509 85026
328257 276971
639735 163618
471132 898245
391189 444477
188174 106031
733924 368166
683349 403551
362607 970447
815709 216630
181382 643237
754642 633434
798090 351079
286906 924784
328902 851380
604762 653253
733690 2161
734884 305975
470157 269960
609156 215925
452516 334177
998940 414062
900614 470300
600590 959824
886630 639687
925010 893931
133871 73946
487507 797418
552977 332277
168612 835565
627273 93636
28880 918286
766820 365147
547831 441821
820307 684476
348223 512018
654192 261903
472551 856149
122413 188167
911305 284074
8029 386614
110673 215171
972472 567903
6075 934221
652683 842997
612444 118877
817526 591138
447491 75718
111843 843449
620963 843748
80095 847554
897143 863483
169448 913816
775927 363263
411179 949501
930178 599046
641053 915092
564387 768715
523641 545662
982664 906211
230628 841858
102315 943656
771716 411904
923321 516234
594321 916854
819444 614946
432764 621204
583990 452552
986091 561384
850601 962775
121862 283626
894984 679821
554810 220353
264329 537190
189435 939461
365659 972032
254813 621755
737454 705891
76868 67773
300179 420190
7641 163924
603067 334403
79295 110795
319446 916157
848989 355847
780838 416739
621065 278027
89874 585894
657250 545809
91071 267450
461279 257108
410452 540447
927828 871920
547535 297679
39996 709130
621191 53681
127662 388980
825880 74645
868683 914431
82534 137742
681987 834425
852654 448386
964400 482854
983572 448872
729352 154816
259772 239930
987226 633561
760656 989050
485659 375619
683738 490518
46323 837379
409944 292727
601252 275329
249460 478089
677580 880012
70868 417688
603189 222139
495421 60676
218319 176701
200045 883164
175893 619642
652346 548663
781070 694438
161510 659081
532366 456365
348534 939191
190873 669219
373602 39367
103397 814633
136411 412772
164315 881567
889640 604374
15549 368432
951376 28635
958266 152421
987456 892989
195835 756797
562301 876159
616889 954031
379870 444225
194485 96465
559274 862760
227971 334887
306310 756585
429572 996026
328653 188039
9416 266974
231406 825613
222747 345817
942430 694630
497209 341192
247935 864310
577813 729937
44402 887767
479852 727372
178317 525212
998381 312153
190970 352022
961068 578536
663569 118125
931357 861769
853855 279364
402345 520299
599523 574795
760480 837110
650767 745582
845710 949129
153080 505953
845129 233534
58542 816887
433843 284188
203321 8499
881700 966551
14542 680108
603262 223261
917930 770738
155291 40008
934272 794169
223352 953951
271798 193402
408055 284070
233013 173054
722419 688447
911220 390357
854998 504765
134839 552809
698729 988303
363134 759618
640740 208346
276123 112427
840098 312655
968765 446681
534359 347270
904051 647208
90670 874993
61043 720067
580465 521853
117207 23458
372411 595230
99826 532694
840286 1118
272496 317287
70690 230267
18599 48172
755222 863006
150217 211707
613697 871928
947870 173673
942737 916800
23909 449217
175666 576189
884919 348102
448036 988528
464693 745855
911683 131520
567344 792575
162909 884505
732973 76844
303818 389062
641887 253070
759242 175261
187558 49327
64926 215237
251007 118542
905011 821423
919685 367525
590596 759640
353861 491719
988790 292959
495024 754989
529902 827135
541313 44015
971707 206404
595630 839787
17514 167942
139313 1506
951483 854309
697187 530638
862281 59157
618553 40145
555214 319711
403615 754410
767767 539789
716791 762675
998995 718637
560245 755118
433015 723288
212010 35425
261806 598599
288121 91561
632217 789547
418583 685852
985902 39392
161416 62451
476364 50694
362172 563795
286025 425229
928177 157261
828517 778776
586920 509751
947886 115397
154758 904997
86508 829617
993670 201360
451293 868576
697569 817955
232397 519379
577687 389936
111718 798655
407954 194190
802120 659722
761780 504012
792166 309637
491970 302468
369155 943102
520198 292979
51949 728998
668111 670371
384948 542755
766198 916372
840506 728581
52526 674928
573545 95985
375467 845611
175413 477450
47799 114674
715543 872509
320371 758404
877774 296732
735060 525521
125041 484467
746162 75505
312772 18143
813152 965696
531052 599454
747888 174058
527573 817119
304837 945944
948084 477491
903989 399428
917082 594844
969323 510062
182150 48664
72759 874703
462746 509794
973053 587946
568554 161952
988582 973869
278052 188529
561195 195419
336120 682751
218294 810756
82357 488416
320826 38807
109311 926157
503524 491261
278053 969301
638298 736212
404678 921164
442575 777439
80000 973233
360409 465825
657500 21602
539833 699951
122932 365233
595918 478913
463310 122742
108258 466561
537413 313214
781798 816818
22185 863353
819622 690177
663347 167744
458883 992172
446334 918221
634377 188187
525789 390679
957396 353657
910362 422497
592661 619557
708714 712257
524828 998775
861755 377214
631510 58730
260948 230887
231463 539582
637132 303861
479673 49248
506266 234087
271287 592487
189184 395251
959784 204973
88006 921374
243174 404429
107209 458928
133651 948275
292835 99340
472559 927731
292727 617685
925303 452529
57593 281883
402440 683797
419979 808764
221317 315206
995865 328905
262368 583169
530997 564943
591565 762072
185210 402920
212256 305992
668488 951391
33190 596287
711506 866462
801711 995077
398250 976099
806265 521506
273269 724709
802469 437203
771956 128965
830315 715426
790270 736357
667156 867587
676679 759124
790786 632235
461402 811318
823492 189030
632520 60499
452744 124590
36805 114219
816234 754991
674328 987303
314652 407557
60802 47479
304520 895285
564393 698844
493689 803055
148576 34329
971655 229161
952501 716638
460355 994309
149414 229105
460533 462246
250886 603079
627932 142966
219036 87541
713178 942477
629583 971197
940529 421248
475675 951777
772473 374180
87019 17188
28286 259090
721649 932102
965518 938918
248270 916611
329560 842986
938936 777026
856563 640143
469265 926685
402 635049
192851 125207
694335 923658
562940 450934
619756 780847
486459 643554
935325 480536
430054 366199
490384 543762
327408 643076
610338 213387
985134 564874
670421 139105
521209 307706
223174 548755
724643 451578
321486 257579
833272 573852
724715 257149
796864 369322
536961 305718
672310 828553
23022 829123
217993 604058
301590 671491
285403 913327
532814 500664
158864 134847
213722 8683
790368 774225
451179 685803
82222 51260
8747 211274
270298 342488
300981 156015
626855 547881
314357 329339
493053 440814
715066 104309
623151 717053
747915 115535
281862 131152
986965 356710
249755 152400
115118 892703
231973 236697
821713 706617
607792 82822
85785 938253
461350 867688
980102 811210
335788 851444
558762 277427
34838 922424
916582 282703
528525 252392
55886 139316
872057 382237
89048 649570
895901 975403
871301 52188
633378 532923
692452 184863
114014 417
479812 744471
670943 522212
92002 329841
432311 188530
163478 357169
837215 338871
314222 521320
347092 159392
184168 901251
831135 859868
906010 955198
144369 475659
623778 192858
313344 621744
595293 258369
727599 796984
9030 234173
912784 170672
580206 305580
836406 786454
344537 857153
532938 128128
139598 185523
482553 71181
624743 32100
491681 344035
58689 61990
312639 767886
941003 295958
150857 585312
765825 341322
920143 482074
741173 820096
508253 234108
303646 993441
789844 246285
179326 951282
76332 267403
212044 494536
894685 791328
157741 82873
885093 771246
929793 323845
6056 569504
741692 167377
752627 118540
614221 213405
284639 926974
302238 328526
115512 166958
920590 349696
11730 831560
244401 471713
813815 475035
714884 471719
472089 298908
401055 919792
261192 963445
325452 955879
787798 458899
574224 943538
100011 30716
918102 648725
411784 386943
181376 176428
691295 591295
193821 717750
603837 580599
163043 886801
999346 242660
545315 908685
570608 514274
58721 271286
485025 590781
993221 856414
679348 399286
255511 49548
768654 515417
74120 282358
130462 6561
51236 889235
914810 602834
15214 284039
8734 372304
531170 987757
357102 693419
977989 83381
741914 225587
240175 950716
22897 756066
412610 239807
41244 382454
894075 905020
62521 893277
960699 522313
189446 14753
380317 130833
565405 402293
361177 23848
566828 729524
857356 150502
45087 637227
362808 148878
626254 759340
31686 558960
519270 123550
552411 489126
997210 828577
816868 461188
397825 495307
593936 457677
813480 208558
57272 544415
182286 411637
889497 922702
907273 905277
928270 154577
988899 366692
100307 620482
550289 342679
118953 629907
691685 838760
843907 91945
584 658591
491437 624507
521621 276251
904516 127475
639000 582072
809913 979810
720417 340779
451855 126207
123349 361836
109449 339002
215754 894818
540316 722901
360083 644940
243326 748932
836424 997574
839493 207031
17646 567705
332459 245740
20037 315819
856887 826297
323781 455752
789013 837646
671140 767368
13341 768430
418132 481856
267198 925464
268031 35333
376457 822870
696929 270470
734614 678698
933008 373503
834611 188990
334462 628993
7795 129547
260994 494867
646489 508682
375755 829523
974550 119968
145517 414617
251120 454888
486926 860654
839537 150877
371915 121115
255009 30272
890645 685447
704484 528126
515888 118230
100147 198474
612515 384750
877710 821417
189459 570668
373027 129565
872718 766021
512065 595783
748385 98956
518460 577216
221909 656897
996634 58745
152759 818500
578096 596792
210155 623924
673384 714325
988764 881564
657703 130139
278231 651659
845963 962658
554889 254539
52934 227022
228881 555786
706917 924598
276394 271085
347397 732094
754552 612929
597050 716133
273781 716094
537127 579098
826400 28643
586789 129197
989110 492427
563349 238706
671959 55044
467078 16661
209463 146561
170344 569868
408526 780658
675098 161928
63319 477642
430006 363948
293410 475096
151722 839004
711304 759643
381030 700638
970721 585328
222250 507800
411000 307727
620569 383595
981541 101114
306131 827699
235714 448309
76088 459576
916067 292579
279029 247708
91440 771950
985403 694299
512776 361144
649014 674731
574845 881324
912521 608222
58238 237472
991581 659914
733066 140452
711088 219705
549862 205554
267832 743551
867325 875015
291747 776994
496674 924121
408999 670620
160740 531304
21632 131378
288717 76420
479412 8172
626066 461779
162387 934740
426577 722113
683355 655089
597100 658797
345294 169645
554153 293403
186019 695415
245049 378901
982469 99524
507425 583054
761968 774528
742325 237226
83541 759501
493380 273075
533185 601170
166092 650613
661037 469579
323306 356112
635886 683579
815666 656118
871726 251903
306357 579982
764610 19506
865589 924444
152680 750929
948210 675713
256412 862676
233077 902492
279681 40008
907790 509802
224167 110306
967716 623310
67612 982538
273214 322422
374381 981340
844185 23357
126291 340667
541324 381391
123527 876377
783841 614032
644966 211876
752778 265374
233589 363911
239626 978353
155994 960584
820541 772220
891553 959036
296518 85506
571712 420961
307205 405992
891960 795847
946177 940969
858359 887251
125709 136600
671650 546398
306799 717506
534489 784832
250113 80973
668230 157389
97155 197012
83667 531481
908870 283538
139745 73538
705297 121342
202307 872659
109768 996931
721109 878186
589890 973599
248732 927006
363783 500563
553619 830119
64463 370211
225495 210723
552220 425984
832385 533657
81106 142746
214534 835262
470971 507566
333375 973202
776823 681864
375616 162014
441907 714086
709535 782410
520793 65677
187191 871562
360900 43155
245569 231625
286458 903201
709890 576598
640537 420688
215166 564401
762046 643780
557990 632365
249551 598063
335701 166169
887098 525583
986901 857137
480660 486420
292981 368065
989112 241830
195867 81317
622313 163739
13817 344668
729086 194121
240470 443522
817536 986144
600597 537892
466088 50324
177160 845302
443544 336121
833034 360302
610517 832232
951379 734743
460677 305040
65706 677570
863517 501651
531229 322440
966608 995992
787024 622719
282788 823057
216525 783301
477081 86987
840755 888634
323185 637337
221145 284047
775618 804937
294863 160633
710642 363869
136193 21968
722376 43201
798203 764456
402570 501170
498307 902215
105564 858825
437397 445037
987405 31687
567764 671743
288525 74
176753 211639
841935 744637
271210 860312
453380 673305
10429 676271
29791 918648
681958 871082
956989 510301
219308 893923
345827 160747
960406 269674
85701 215286
689347 596483
272589 236031
628773 859054
579065 375229
611939 702526
912824 965735
65358 822077
212152 990540
624564 645572
929059 683962
815144 751866
500753 684861
719265 515325
478928 913392
9428 513431
83407 640916
776369 618507
605711 345337
382122 530393
867567 987488
487338 883589
812338 929427
379186 921915
245766 795577
274436 837173
280635 881919
228422 933696
161664 722287
530342 845973
589272 900696
915629 235415
793995 827458
301881 242239
426240 872011
513898 362427
900475 214918
187130 763185
491669 664227
227860 690240
499535 655254
589820 961349
436798 370957
73726 124161
749359 583944
773061 691328
748261 190867
499311 798010
768020 571093
29603 482000
888633 713746
896940 441939
760247 692277
954718 865820
978258 245770
165047 239625
126407 709424
283082 768294
156214 37719
371905 69692
800580 511206
733377 211599
601699 29141
980266 840456
65902 181491
584264 249398
460679 569747
45742 908932
177480 869865
449688 826811
750864 962298
963023 865654
477010 697321
531494 254725
599981 392789
617779 601597
278810 1214
15915 332549
692278 567542
857042 125954
96766 254627
504069 854317
582103 485853
331311 801364
598518 860825
476610 542733
516859 742714
93480 74651
856834 36464
589650 716067
815870 457648
639728 361597
67366 589351
945739 491451
445317 734813
159876 92928
681792 943677
594987 550585
420197 737721
476615 101876
928549 934333
844216 265004
310870 787588
416531 461432
448233 674883
934663 971462
689177 261192
665017 264332
270697 399049
906000 607712
391354 827926
834891 165859
796284 415828
594740 355448
576834 613287
217716 802940
251964 709952
649606 898181
379714 109274
471653 582926
621630 479225
54009 53803
940505 47443
119502 726015
142537 770288
383711 453992
609244 703082
934360 311858
179706 43502
860660 691064
47691 807340
915619 696053
881329 665751
593854 76884
799134 221235
612326 717520
440059 502520
696462 841367
697418 685381
224313 145955
876758 525672
495201 358182
550891 731306
865736 896403
668021 283563
52329 654119
628980 893967
934250 481864
837707 233937
286705 804715
583913 279315
402612 645634
401917 922045
647753 118338
854325 568640
889704 60051
892370 73239
686982 623971
637122 457853
219791 944785
104363 718544
562374 403702
718196 241310
134332 454127
948917 710660
380618 448742
193051 761962
768907 862993
758693 632286
6473 21366
499616 827443
303144 619912
257891 777319
516933 391392
225157 223122
345545 391562
450752 498222
136383 530694
385520 707006
716033 234154
991530 374286
11673 793614
528953 181472
36428 766820
326647 777574
716837 316245
394721 456011
831913 158624
667794 686705
479580 744320
571496 496025
387092 570747
709659 307096
490896 133007
155030 762024
435572 719172
602988 923596
863380 684239
967870 984807
1993 240046
344897 374265
278970 263443
423398 144539
55446 895477
799884 740580
799285 576291
861608 163771
965527 627631
274632 912546
581525 594921
690095 405466
311095 952726
518596 124222
751664 802193
428691 4596
702153 794345
47317 256468
228869 804136
150325 875231
240802 40481
367137 795217
157213 642138
976055 845864
100509 156179
750944 177829
173640 582782
394748 976307
887016 414207
240594 790194
572607 669452
429778 394949
920410 733458
676544 969371
262957 593733
481174 466792
345112 493874
591887 258284
821459 947858
895267 265685
362193 659327
851685 870225
83509 154787
119485 185273
144149 25391
80756 883550
207691 268230
836240 360782
798160 793055
625486 649863
731310 170180
959969 168777
338129 637472
182572 594267
540806 834604
918387 795061
212377 448727
37269 529359
896676 568636
470745 39640
295317 844224
501019 974173
487751 100727
265272 165852
683578 6762
637842 712766
442894 746723
791621 480729
468471 991236
507406 350328
205432 615599
101969 508714
838885 614776
194325 881937
397850 24693
479785 302507
618205 658685
471422 787811
696712 342798
530513 368151
542079 794100
172859 399622
434672 303193
236176 640081
532103 37692
14545 946147
182324 574789
677696 330648
384281 793300
515347 163174
436269 838689
113525 73523
927226 176790
540013 341764
232464 328523
684168 395727
645938 286657
219994 39295
788953 754533
412564 319248
557021 132331
831989 705895
186070 181887
195500 166056
579493 613305
665558 260432
194263 418916
591729 679356
534502 632037
205613 213791
991399 71610
25158 406928
521110 978911
681344 247647
532913 135836
322660 109475
999623 969270
188094 227827
285208 860161
197555 505804
197101 37554
299272 833165
220960 371172
664818 636886
981278 91588
326561 878697
338413 466265
747755 747400
899971 325978
923665 986245
8814 258121
742344 398846
162107 606506
363001 851419
832587 987925
538078 957029
378849 452823
540403 45534
317348 679668
300447 938435
607289 544961
847710 356364
199704 558554
912900 926594
675861 754935
769940 432253
153022 707543
197830 965763
361073 938431
655853 657084
74690 924449
235741 271989
657230 939122
147179 934324
450250 776669
290575 680708
730826 71187
446367 311681
662153 386616
592299 65076
73661 110426
348252 918714
794937 342292
756129 519330
882506 379335
743286 169175
37994 116269
922415 415895
619816 517429
972734 225140
716136 357342
545166 702422
63951 14044
300031 685669
68720 281338
153185 17667
314955 301586
525296 745925
619705 653052
899440 663065
553846 843036
381849 537567
135204 722787
403355 777663
47435 999780
954637 34338
99225 663373
64568 206387
289775 664557
323011 964151
700700 58051
927494 108899
248739 502495
675990 688297
14693 386910
381152 541693
459551 413908
303446 779062
524338 434718
443919 163162
180004 512413
969099 125383
477302 627542
817088 866489
587484 771869
338121 308265
911569 960916
465529 166787
911855 631833
784929 409838
315808 629613
534038 632002
262931 45680
49559 977004
558707 114134
372857 395941
869997 19552
603179 419323
588570 348536
946602 414419
130630 599882
134955 129844
718376 710817
543659 809194
534447 66995
67261 205657
648184 656254
867954 149035
557697 896923
925076 641310
504421 793202
502979 110668
95059 597049
594357 633343
735926 982207
491764 820943
892422 987223
782496 432435
767295 71755
193379 822287
971125 685402
793497 175058
11659 797160
474353 290668
444686 834532
113481 790487
324887 574239
850319 846303
240939 858359
412078 605384
984392 613201
12737 896508
688126 697726
378621 652461
37958 371295
80770 693390
380091 452415
421304 623413
260030 728278
183162 201027
524477 460113
675678 967940
505586 988182
85298 136835
101004 684070
649609 320633
193616 466
414365 963772
690587 298233
505814 396862
549411 846402
650562 832583
37415 508687
713817 950264
763702 546544
242276 978772
566038 353353
54812 157465
920756 512001
91551 211171
675652 75069
5194 615323
94356 432520
63989 252404
539070 135747
279854 564763
688102 865091
682996 492657
865382 593064
138891 169158
875336 191670
783768 34601
798296 492816
896245 389677
142510 436552
949911 378680
415809 276142
921942 567533
616459 162048
192375 300822
527097 387159
798533 35739
460305 965741
917190 804019
75697 604179
275456 398972
451138 522671
676828 431046
868387 352346
799002 899810
575868 951533
624714 165685
943211 39431
31930 871213
939607 25034
829557 356643
201290 786263
875086 372634
238636 357877
32334 506940
752118 601615
499859 800774
170068 894552
582419 614120
852818 111625
425975 291810
673018 447445
723495 370640
719574 983827
173139 342381
537985 585466
127785 29749
361549 813713
500608 715314
418200 700378
61942 751678
445621 796024
347015 85252
175282 190333
208902 197414
478131 46745
167762 892852
653260 770594
175212 161612
484706 972566
643820 663855
546623 449008
346648 309727
454286 300792
810905 679386
271164 403705
663181 635721
41291 354697
201819 760823
552784 331968
163704 411518
320646 812779
816253 880796
259750 452544
686049 606062
740960 286877
312752 623365
914893 179687
536988 379533
428329 137353
483252 332260
876423 3584
730246 594142
229840 444429
364420 969728
813350 308432
182503 607406
70486 340403
841881 875559
739308 959710
18754 542168
303158 310120
903623 106622
342116 751294
484724 275659
795170 780887
62633 299348
9003 343950
868856 497729
156111 700455
706329 20827
103300 907203
533997 517147
25051 923653
658447 805803
852211 739388
751476 280687
567965 382928
339374 333767
585243 946469
817486 100179
621864 547389
992892 340227
166142 339592
968411 225289
906010 737315
297971 171633
36986 345205
694747 7833
98558 137349
660286 615723
162131 636784
799145 349021
600967 199920
319862 458646
303747 994749
372248 64299
557445 503819
986208 442292
522541 875578
264607 187850
353919 407086
267612 472256
361771 902512
354904 228475
733245 111548
990471 48070
422009 675145
614821 925178
207454 342454
126588 852255
39483 485786
824601 340061
774910 672811
540788 681197
458957 196142
215503 723245
78079 841399
223486 772120
33762 194110
638471 181358
456619 315928
783518 170719
628852 147445
385759 505049
441739 933612
95914 948971
869554 26177
162749 234267
626771 976254
176811 410299
525694 145802
105800 460828
125736 246823
660122 669620
500836 230399
845282 364261
862558 582313
863187 379779
250539 279238
617620 279432
629456 961061
252088 716357
658715 739161
573301 678685
873298 786714
885959 161063
58520 268919
204330 803458
615923 997568
402979 480435
541585 547331
858352 659574
529869 658173
581034 714314
300740 75845
181558 936922
422946 807425
450703 219310
45240 741114
680481 490302
726062 716143
689561 810973
482956 137017
156309 319549
820602 579467
66617 450601
876825 996538
811870 938872
511396 1649
821412 782437
313325 222811
722290 93471
110610 521290
656553 466297
17103 357242
329207 454375
857913 17475
229854 846212
470066 835044
65302 767187
994431 871845
366432 340704
541790 257808
11889 973222
396864 541806
924618 270273
11868 16341
745393 401728
574540 420519
250041 115262
498898 666696
936909 946150
142968 342090
638306 215072
616654 45311
782897 577675
651582 306810
7452 505292
193899 664126
674796 313406
717908 806717
41872 798593
266208 961774
389956 202145
827640 634702
139050 907244
314866 440093
409275 287806
651530 826138
575378 33183
620218 530629
864406 424196
697805 876135
431066 954162
691602 199232
421492 55731
415839 599746
373882 608233
76384 609299
602670 105491
659670 912095
802008 138987
223358 782421
437358 382819
694692 502626
180727 831982
954173 853258
5263 750390
327340 703756
824434 573930
982216 710054
669689 458113
379198 536561
261459 197214
453383 752697
874600 806469
610231 326392
189451 719924
132325 435721
362048 44444
989988 247106
998400 539427
823083 668870
505239 451639
64889 465255
472946 411530
92069 131268
986271 853401
521440 886664
61651 105482
550861 326513
705914 567314
797078 521353
806208 705480
805350 754199
329854 839281
111501 362889
563914 850654
647509 260139
476216 217499
425790 977016
584432 411853
928464 155521
714712 579398
729555 868981
463035 764981
453328 480161
709667 734852
266436 434371
331400 245890
846443 178123
451738 514630
455314 178823
803947 708828
966710 751161
113837 158978
941596 224296
716682 698874
250801 814509
285060 519124
906773 350303
999213 524282
704903 216601
79624 961752
10992 164558
443979 530300
634083 314496
391409 522577
892810 811047
159352 568792
907082 379494
219685 358766
334087 610572
80006 924812
384936 696017
487862 145082
205115 44895
362487 903295
809347 216100
204929 673681
2112 437246
46259 427545
869219 66704
597278 949518
623018 927996
459807 652234
455068 243425
949880 805036
768026 444740
843953 694916
426828 944393
29150 159664
197173 437057
521676 444083
956372 156859
763548 988831
767086 202457
965308 84022
925988 879874
561334 1851
771633 265647
189859 625885
737123 326542
230592 569310
464971 219958
837276 188641
66548 203154
904587 589551
282041 930376
73023 107597
438871 555919
573907 856860
630327 568874
842491 788365
560328 595446
946317 942268
165733 636034
98107 768503
756503 628255
229149 618340
826156 385326
581377 185690
139437 437590
685594 643013
802146 966948
218625 498453
659158 935077
25491 27248
752095 556460
525861 496963
943880 363395
179080 493870
192842 575534
795542 820153
639111 674710
478659 492380
109181 730407
821359 61773
729610 246849
205370 165971
432338 470748
911363 587645
493443 115783
983503 721941
77823 352253
918554 219272
812061 878118
748339 880586
200789 544148
571025 558500
828269 290759
284904 383227
620757 334332
760704 727908
378038 983683
98523 613739
668220 357266
636869 118444
878640 195483
966385 75829
130575 247892
281326 517289
823517 718316
522731 546428
416222 468762
817380 379137
323424 564374
813004 723239
850214 533846
539029 939911
548188 941404
414734 737498
550209 652567
484785 69870
827885 845887
625317 928087
193448 81630
533940 74495
525320 15660
138060 212970
274146 724152
283240 309982
477278 913518
975929 300483
199032 880663
254892 71294
223041 342411
685319 961715
955369 463088
182264 362170
728132 879905
309249 427686
414687 154761
887589 618379
606849 56024
889064 141656
967623 245022
169514 689321
647075 144245
47875 848617
556347 66263
922814 779200
273276 115070
635201 930571
975785 835952
815068 994676
924901 547020
694291 472761
31535 266173
423033 236927
909058 115659
408808 634637
734932 3107
649211 302928
908493 569079
647875 729020
701587 621165
447152 80504
43885 272940
910740 124505
272181 12444
629079 353671
849678 70442
908808 258005
375674 275147
563500 900870
232153 677029
38661 357217
68965 636230
68555 928799
313310 2795
363628 23670
502706 707167
144862 374463
138403 384891
59549 6830
695628 200444
552524 935771
598788 297819
602825 515103
162616 546639
866107 675858
377306 506642
751714 668817
428625 851146
264549 702826
179873 218881
843198 185566
428509 373283
508709 804468
327497 356491
54484 870854
263155 881701
410731 392924
627826 484914
702975 326170
235326 775122
608694 424445
539208 847146
109558 364449
692810 120546
122725 855474
621059 793045
848268 634617
91609 221932
192456 432021
566630 949557
921975 228490
860244 980499
596965 324720
415299 769445
913093 314390
429741 574659
208556 323783
783458 604552
641568 760565
245148 678739
422 979830
985049 30044
201976 112978
204184 295825
276714 262568
945811 201791
569722 277383
214694 97545
177885 669092
794006 603625
498469 430274
864562 26072
915985 443366
54468 221428
862944 217627
893218 740516
778929 723157
802217 889021
971847 622473
310721 745522
655377 874078
704737 614797
138806 786233
390569 915983
562390 612758
337382 530268
812306 332179
166018 653327
888275 48919
238199 188384
572640 620782
449122 197236
952851 356380
338643 194687
998440 526532
924072 887863
138387 185204
606401 178832
29220 202295
144255 184651
329081 229829
845287 700702
662775 824075
192043 52873
115979 27537
916841 110554
248012 497350
448123 74211
779711 117219
829850 369681
39250 199127
107582 150115
69568 636669
5483 150656
550913 830555
134652 8004
440042 708051
759137 21022
723204 664579
721123 236965
426236 895711
905998 63369
200877 895270
563324 158849
451716 943214
793280 916906
332747 980394
416030 694266
556996 307422
138245 16129
932861 17396
730931 155976
614866 145966
301963 855466
326775 744361
491176 76846
243880 918459
995230 626023
57327 49657
904674 286767
244465 102103
539781 905682
490331 170644
926128 485149
595218 21510
168863 792348
310340 327813
428982 593900
720952 430592
713292 832328
777856 778095
35350 16715
111737 46324
657916 863653
546259 934872
526289 124156
900508 589869
889921 945728
726494 859867
375360 112840
370649 299701
854166 906291
848218 177500
493586 266525
208892 515069
258696 861437
445654 945465
667689 925726
498359 210337
305196 787922
845175 773194
857033 459035
656630 818619
767786 4319
873703 361425
451157 711730
714766 828384
51393 360231
78477 883080
561902 532587
692454 897025
602289 953364
423508 404373
317963 786998
838607 107153
845363 692917
485500 563536
614924 248707
776547 36440
789292 983256
329240 428419
163350 215397
257461 402705
35050 349675
352703 346763
735502 22202
114478 150312
83914 46935
47669 617818
250202 781615
654115 433534
772664 364127
617342 80071
522931 46315
599239 749177
829426 26447
72356 938576
144777 477177
943741 674999
325357 663808
176216 596698
966178 559383
364646 545791
511298 696220
405001 380368
986384 77186
204841 837035
712730 96789
764483 432515
984111 666319
351840 437041
201711 851363
167481 4545
310965 504651
444951 782009
914539 321903
258235 595375
476593 842998
252582 725555
538527 375671
420141 710643
41465 848689
250719 863422
561154 559719
63747 415227
43007 238365
689103 825840
989228 224369
744818 586180
933976 822498
473865 252312
924836 254060
392375 629034
804393 656961
601593 106016
77729 417699
292613 495125
739289 620260
510179 469077
666188 764006
5130 395149
601969 518411
579017 96733
589632 451457
429409 322365
291005 548153
284827 717814
783733 266881
418229 418798
285118 895059
433123 283979
156530 279999
111388 726440
592246 16478
865298 618546
892016 871773
436827 848099
408447 927862
68487 512353
524558 464047
862777 626847
371637 924199
922154 580001
800593 406228
904584 486927
330430 599865
369832 290807
495222 769667
523023 332653
964970 726308
587938 610328
390041 156418
648288 161780
208495 697737
164927 978375
29144 943382
829054 257348
474713 476214
154703 525606
127854 536473
772312 144220
785504 524219
441362 966237
976736 451158
808566 960497
271105 914762
646338 919280
766764 885175
418893 43015
778347 669601
52812 918885
880040 380465
692419 413040
453907 325640
169424 854849
708676 820729
275424 172132
866488 491618
830487 359261
346797 697588
118960 106461
459973 962164
586336 768891
963683 304208
685867 715143
873679 266262
358325 661114
526206 310853
412523 389172
614757 855212
49411 973528
664326 401897
255211 330214
1129 638890
576693 70784
382788 466853
255712 253022
523384 109400
480374 277687
378377 116988
373333 61215
267414 866261
569337 222812
622204 928164
799024 396642
432866 4512
890016 431381
890995 116536
707338 867680
173337 615592
715847 312090
481310 255099
634963 638416
763007 355085
141405 337233
863596 575857
719346 477532
461275 537921
177323 291463
221811 346344
724240 362831
34929 659056
133695 255737
805971 459347
681388 622561
229918 392599
675740 343709
81298 462699
646136 128924
877540 456071
948004 140647
298701 947477
14195 241035
695375 698595
104953 222113
884166 225577
577809 859924
441094 238028
662762 874145
202074 480916
945761 672665
155838 195867
109772 171149
550967 775782
540396 254146
18174 350987
849453 212970
867814 565004
322352 538901
623577 18966
589283 967458
147054 366638
670786 799474
936916 563535
516703 152475
119188 38636
193377 131202
515987 241139
766497 838872
26606 916071
654950 839485
763775 669729
365930 902860
790287 825368
934559 697456
851558 222260
268425 768749
763305 277080
39453 136645
33429 556135
211680 821470
848573 689819
113724 269469
402121 412141
316864 639694
661226 953004
157286 177918
438540 225258
549733 522989
920891 695291
173892 509390
411642 492389
451412 44809
36706 61842
275853 418831
125201 569953
882493 139455
631796 50063
4281 742593
159586 262288
222274 84457
749190 687190
804853 12437
13202 157685
954223 245092
534626 250760
455355 289711
383427 752564
757961 133121
503392 145678
849670 114375
924311 706715
780680 623215
798352 676745
839617 736697
135178 27122
495543 5268
887091 700454
81941 709526
106306 808799
433591 864769
347916 802974
313360 622354
168962 140863
959529 494639
279498 525751
114136 746688
358870 34563
371117 83967
949238 626648
950583 753319
660380 190463
527339 185689
437615 71298
770859 348320
288500 392356
270084 982649
250489 565454
318138 720611
689552 649598
385295 613983
391560 537477
782510 433975
219821 785743
33130 809512
975771 753571
232464 613227
278443 718260
325844 379263
324645 345390
703399 571477
371524 991258
100587 430808
581709 117861
212138 126448
830599 493159
439137 840958
926709 30442
912415 262989
295049 57612
816576 366592
319540 909203
796039 915374
817733 804832
717052 620059
679825 544929
984171 626883
177478 323567
81147 920315
599643 12477
504231 208566
255447 841126
769596 905284
701457 900971
647765 329127
118955 553931
298538 281014
141813 606434
437729 941357
220192 566154
861367 980453
403288 964915
961686 549343
325315 154527
741159 406827
219201 26432
508885 352782
151659 418185
296752 368679
151986 612311
19061 543794
383538 148703
480606 897836
755463 775617
40558 750084
450592 16804
396076 586492
477725 862163
357547 546621
172910 325074
576995 808258
40592 280529
911254 307393
214178 5443
119061 417939
733593 709807
391684 913853
11687 393940
273745 634149
366386 958447
121819 794214
295040 164689
742198 759519
177690 63069
673758 57913
115846 507302
987630 140084
85304 211135
772747 875310
487443 340807
41485 30993
132696 666874
530674 446169
645168 601479
164470 780719
801357 746652
386895 144059
317130 585002
784899 94491
661564 595806
646180 883914
504179 834196
991762 509065
825687 788179
149121 994712
186375 134276
240961 729899
510781 225061
685684 132698
67989 896235
443025 305351
162619 819570
83453 739654
362150 56240
130475 305302
561408 665566
427358 185767
283530 111381
890707 516482
671205 801656
599570 391612
559710 434354
385847 320451
22780 485419
319118 621573
82929 681168
156317 250657
116975 292727
557376 277829
77640 701046
510789 284253
990102 679065
48939 457676
39414 592284
982748 851312
885580 120637
982380 968046
428225 849865
840629 423409
222736 884413
743289 726342
940953 886414
629975 938031
519972 672338
192203 438499
685457 893818
498321 314218
236859 184620
780749 701988
170157 423788
269366 232980
64776 973338
498178 706426
804866 184096
748885 152709
115070 609276
478644 399824
647594 880408
105347 368079
819182 297139
822155 193579
973039 113870
376509 785376
412620 347010
16430 880411
904992 748093
667489 652641
200485 567148
978252 343416
267735 596473
31867 578214
691891 363974
316343 536208
578854 283642
95548 652960
895919 383563
708298 604322
285550 253138
663511 220823
52335 887146
346625 469833
121801 7104
415466 376165
351589 207432
47155 279394
374431 870151
30425 463138
420943 889805
412786 272207
599769 555552
747525 30184
995626 334603
178281 824969
410999 29366
880765 64977
213646 846642
454571 13217
601186 384982
484850 873069
936552 432251
761224 437292
844578 436060
310095 981878
764616 787961
420071 311295
318862 539608
870285 392108
333966 83954
934976 749676
650456 994585
112178 656201
924767 213617
121832 549445
315672 651967
474779 353519
682801 942882
17406 499032
783101 548011
83145 441802
521346 44547
762975 844268
662115 782171
765794 812287
936169 819397
682421 306362
862388 307239
93823 796387
275133 403614
633900 825283
51257 86217
476936 119102
267763 144489
932154 117555
473924 808365
177278 908576
121904 699348
823703 215427
265241 390106
2584 114839
638894 13224
3048 558729
438783 13995
205472 817119
256575 238770
10774 630835
199994 664997
963814 404495
162113 358524
110537 532590
337192 428487
561918 348553
400335 102143
732378 129289
707030 218287
686733 429053
964783 450547
498385 712375
217455 453650
3911 456989
771866 630518
681091 112080
22479 208080
380112 153477
457217 40579
894068 477420
914687 484201
419954 112276
315016 429104
973788 56420
928943 810609
285657 685176
191743 460438
537733 579731
681739 932524
49605 31832
449648 885996
694175 120935
36204 929682
249017 472989
449735 679991
726604 728322
672250 485006
726924 872984
778001 749286
410829 572472
776566 447945
441469 385268
525036 526040
546088 145473
197920 502498
344564 424615
291887 981474
243508 658740
74961 339287
744997 946856
502612 432399
736997 167394
65509 329825
375286 122406
490367 103553
558935 341209
926603 700834
782635 791216
934577 849436
204309 58078
470715 510438
42660 804301
86329 260025
971978 5746
389674 650323
820235 465178
617654 10280
170227 206812
540125 625874
302426 431279
191144 614647
398541 350924
669295 180949
953310 480826
539131 47016
90709 684394
245609 953205
757441 634237
867187 597584
308473 410467
977287 20148
785846 852230
701202 353037
387465 311964
454199 317259
689855 658013
729582 203939
724320 984947
492812 431904
15703 763127
118339 755463
842209 32129
32874 563397
402611 682596
42852 826517
333415 82260
37624 790307
931114 71203
375898 968058
427547 795351
750811 383787
90867 226058
224480 61951
505091 248694
230198 263309
791517 261505
779554 575009
399181 32407
98957 873161
415866 769037
466127 743525
836017 135208
528985 601635
492486 656908
836959 359805
824281 522965
765773 109492
773422 459656
234671 554676
198740 521343
512613 682074
251892 160930
403080 588567
11975 320341
335092 456523
659898 363100
388450 606363
790021 836764
316344 41757
201098 234463
136651 842254
342578 572968
503287 493964
923479 723231
420978 120463
529795 985769
705510 971191
411981 881335
78235 863883
373575 812719
132982 471030
78409 99218
610146 981169
686764 271822
266077 990922
986627 210940
232502 470347
825571 813647
861948 940938
363098 411233
627540 54634
478992 221107
441154 141355
359156 110850
647260 890484
987375 535019
2554 695313
780713 535624
134435 421441
334649 695339
939547 106126
836266 282437
584697 965002
263998 807053
569269 112576
103889 368134
241398 923143
474708 810741
372191 437050
36573 192888
212474 300871
691354 317736
611607 940198
870191 145949
168681 752495
771792 951212
571622 990848
251556 644220
285265 343170
456925 594120
51618 441293
460341 65576
209978 915789
226454 93039
154248 99817
507633 12790
72465 418553
899037 317513
435002 481389
320496 662627
288492 453682
25124 342416
761751 612353
317770 460157
187797 829365
27729 589663
256650 617901
104094 780736
685666 683097
794322 905426
843175 755645
892981 385448
72294 640811
573621 935317
449313 112155
388676 59394
89883 922493
460614 427131
433631 165933
389446 775506
587329 170584
516949 780932
483007 942669
886282 980225
979644 164989
761224 667593
768679 841873
894527 700351
412603 491732
457644 25229
136655 14253
517396 621615
152553 783022
746246 974967
238615 301287
450359 526990
814230 920519
315367 993253
926913 560204
932966 384783
335153 615933
445504 219652
244827 802554
137427 27165
622534 556126
909415 674477
821692 724014
343530 326284
689666 711282
335357 651683
253131 467559
36998 244035
802304 647840
842362 844123
951830 37809
74418 905220
687988 368699
773222 673198
947148 214307
389933 62777
886551 979320
947095 571978
899306 87853
84985 638803
904244 828548
198801 681376
963240 202672
264600 505682
785897 948577
534464 902515
415647 289913
946746 140452
743404 103195
182723 656379
470258 358528
794689 251565
872501 874152
397568 673838
113124 755809
679017 971456
419788 691116
205191 999129
856286 850901
819127 597725
917259 929523
429725 659777
323794 726247
472414 251498
842864 577676
104145 101423
921215 699075
341924 516556
715131 291249
677868 951129
644804 937855
103717 281397
408340 339077
501364 114574
71042 680807
71813 618476
797836 790633
783001 549878
770626 858081
622705 451300
736478 252483
536415 452822
181773 952037
147784 691815
133077 623241
605223 137449
747717 721344
699623 586313
239051 825441
218276 930043
222046 230422
943477 771025
329226 575453
961429 652267
476518 934600
800400 18154
407496 376903
604654 795619
405091 490836
598350 979781
492643 600170
204498 162411
847238 136602
126778 711492
634319 504813
928042 897320
136515 778388
574576 136786
194305 816207
693840 448861
682645 967569
871600 657624
986001 708971
328449 242866
822368 30399
560744 507848
745197 461632
383560 712741
25629 64567
366543 325265
544301 806238
14871 20691
209454 833639
313348 188730
359943 446130
60423 146862
862461 754915
778374 949444
314409 470868
287818 774929
16525 194620
901610 859373
731301 620460
384482 660645
57500 636940
500881 997253
832199 255963
474557 719035
478116 160358
985317 556180
281909 791284
570049 468829
347121 716571
339563 286137
261779 684995
41197 693165
182643 252238
104154 338030
653128 107203
558413 812882
428831 369674
210021 991275
839838 266300
662525 171829
343714 217337
179242 54728
293465 763755
129503 70580
498240 623209
88777 135991
23369 66823
735750 526964
637079 438863
447138 923524
230872 709956
643551 589037
159464 306979
641600 803769
45831 154332
531584 595345
640527 686489
565316 787944
661341 697611
198283 403414
450564 318276
315551 329098
747094 716406
313161 707713
19765 61006
198881 801124
90254 281957
268133 408025
772308 615569
249685 868090
97700 486598
625623 721758
487736 299394
560466 70386
383245 717595
646097 779672
436453 558855
628752 892812
959067 860276
501371 108080
901002 390321
824171 41395
214403 724852
108092 261952
965529 819819
324154 314855
207492 868228
291360 164805
763277 251596
834644 603797
114308 203161
790146 752829
903081 922245
989056 569523
988926 664693
596225 207440
202517 607392
675131 737448
753736 698843
815281 757240
585933 26286
724340 688505
391735 398126
646302 668635
482644 327915
801799 863578
865002 52521
394414 960259
356820 365668
24797 600753
366493 395135
352808 703024
195596 496118
669742 760051
843954 85710
78648 425711
549140 866538
533899 139666
953969 407122
670295 687023
354213 998399
351369 299217
325353 963314
681361 860214
683800 691967
900517 383927
933396 136662
203621 664025
988395 195337
716017 770231
498385 925396
682352 462668
567639 846245
895209 986736
371 759095
747064 681923
911713 875610
615618 273813
273114 435189
955811 924717
24561 457568
632836 494075
14105 358908
58605 958849
464643 171887
941023 290027
529166 372724
332496 11113
971227 638217
821878 556569
748655 265385
233499 785834
456211 283377
443553 499373
168680 386340
924665 197177
711007 284364
136079 742956
84723 521608
919741 918004
480553 106281
671924 269035
465570 518377
908399 264886
131075 685921
12994 893089
793555 22876
275394 906497
225861 103134
141639 824238
801456 406794
810554 759692
591206 594285
101751 177604
197598 841733
357642 881380
221155 92855
358174 835129
659842 246047
413684 890073
442413 54034
113227 784286
725053 235533
971432 701295
172499 637359
607644 874650
719555 691313
197273 768022
834946 623687
709421 549596
653313 198792
671098 263327
962641 540523
728781 156124
532230 122095
971479 41481
650645 225858
415785 304715
891670 72068
928657 874031
993139 652640
868717 545699
660771 975982
881751 250737
793580 741640
418928 274970
957830 597070
183619 328057
428845 78368
994488 401640
238533 724914
178760 290422
904090 664234
634417 509619
530777 804226
842962 859201
372032 583823
922173 694367
765686 418645
122293 183496
573021 434220
225185 50899
673951 386951
978568 933139
524967 494216
96660 745895
189794 732529
95971 12117
629057 816631
499408 660473
379465 876889
442992 47460
375965 446951
966249 944151
917408 380899
239877 511237
228337 347149
652971 366002
198243 75680
892954 523285
337974 806162
782408 201729
578984 897853
217177 958521
318107 699594
833052 309658
503983 700221
539191 221818
413804 577223
696538 390312
24266 499766
478870 283405
671118 718747
999175 66656
142592 97897
895137 362921
726643 56694
493067 627231
751169 398164
834650 458259
563116 479657
208669 68081
577175 555728
701705 249320
255378 924644
37046 578243
218742 216415
225594 487296
876974 804772
983079 931117
630041 129136
224360 411209
176306 764730
229047 222132
850543 234751
273350 154132
403695 28313
971712 577357
16406 86985
539497 694152
636534 855493
932800 176880
346185 471447
463230 233000
249451 405320
912911 843732
593543 926619
550763 422017
508370 432535
480538 686446
106783 327609
295851 367874
988202 246402
346043 879844
780673 83301
330716 329042
721506 699496
174432 335079
346479 67870
478089 529096
109759 453870
330857 782708
874044 203808
312095 241273
711158 562026
547957 2855
465049 237761
130267 50131
721532 942049
952574 179474
630691 866955
534858 753466
474105 77787
674462 162047
454981 37286
984919 575610
451307 186485
809368 324976
440424 227517
577090 676652
906197 613814
108305 422419
601105 521977
727444 929958
957585 411441
480855 454556
614988 115367
728883 497556
773194 862511
944175 765559
834966 12698
359139 680432
158326 834090
191164 954355
934268 280142
397836 282401
172138 76161
358697 345976
931646 535451
358635 301905
235037 150736
490648 192985
15484 113583
742516 280619
5889 650902
371080 509642
417718 708484
973673 7582
999375 150770
724990 16969
918186 492825
97996 4029
306566 283885
98519 285104
260947 881145
868873 200435
471158 202856
923259 208155
206368 381053
747496 179906
77112 614661
215317 775947
763149 581220
37372 665327
225621 954710
267712 3943
896333 319740
696111 971902
149719 395660
958889 335247
687467 960538
688232 280103
866934 628464
323145 661705
401961 990490
752302 786999
78784 819632
254727 672615
728556 16824
763694 582741
753380 839256
526070 204585
781267 650978
790579 902760
946121 980742
811072 56944
179620 625795
535201 230534
58494 590291
12897 116941
929912 890195
981382 90779
263601 965716
760969 556019
387760 97479
693225 825082
590743 642071
553731 10159
268770 524444
8640 357941
289074 629043
849827 842372
108892 96024
926586 536238
340026 742785
943993 215410
59416 775335
818466 67704
268840 514898
808396 636135
23423 72877
97335 715405
552990 503973
623486 87099
111672 747306
677189 475634
220559 267562
499555 819001
977577 719665
929392 655689
132449 819494
255779 40222
752463 730941
392407 273266
284699 11894
381500 915120
575811 43958
244373 755598
835569 895348
20435 174297
682110 856310
52542 240312
729034 69366
512141 631957
215142 13811
670773 301245
572814 325647
142343 678252
203090 114505
699935 204826
273880 710141
693625 779595
931940 769584
471729 739446
130240 707818
258870 590442
397015 79576
159054 23311
277258 289510
76810 341725
226108 203477
249244 415223
117564 761546
246353 390914
217694 834147
981851 73387
604332 564975
978228 499040
904887 961802
624062 100452
649812 210971
894313 455884
999207 14327
333952 885277
958783 367688
624823 483300
224682 554225
727233 980544
97466 232653
410297 705498
483748 157522
553834 744731
901272 494774
130116 980216
693301 865389
295395 178945
195733 2868
386469 445766
814043 953175
222197 333254
841159 758587
860521 626621
580616 301150
477815 636657
353527 779063
502752 351825
314081 663689
317925 919169
776274 706007
22504 856602
22538 637841
209050 755040
537091 591580
576730 415018
545885 692513
315930 220080
118986 424697
315364 706179
111258 244433
964683 506604
330332 705762
13440 507614
778508 297260
310411 181931
470310 850932
727415 81571
98451 179002
304490 910063
165967 949268
704886 530826
408679 213240
512374 926882
754354 158626
365987 632643
664037 279822
377071 558842
511696 182224
683034 485310
20319 2558
833036 656803
913831 781937
515277 911376
510613 868579
66569 36486
976401 898165
211601 595640
526017 768241
603022 347089
452956 252198
417012 864273
511469 45575
217617 376
212747 407096
585415 824280
965874 285444
76096 213121
353900 155335
183883 679079
583392 864330
12762 791819
819844 237402
973823 369224
361598 982284
757192 548466
499765 907133
6072 840170
292510 468546
903753 387629
399329 397122
687920 34103
507689 275748
177776 786158
439017 184281
788166 114698
968491 878857
477179 63319
998784 414002
656914 420275
146737 256345
954177 750548
558263 800492
164271 568663
743525 812731
838947 131212
718558 72045
486774 955075
655870 441444
741764 951108
878913 237224
661594 983628
772437 95060
908178 741923
116254 752807
407878 43949
26733 302371
984573 118107
334124 848346
723520 992695
177454 755341
366314 356379
651466 277901
756192 783228
302747 249318
898671 583866
666942 337057
407805 998902
676599 534692
956915 988630
435758 242307
334556 617966
210991 431354
369487 254263
506117 760034
891809 552250
293619 659534
323742 745357
432924 938244
732152 554147
265400 3138
363240 893038
70000 115867
670217 652422
17295 197573
383703 824266
777177 56067
863605 47425
997897 597987
726448 79633
172295 91974
187395 612088
462907 885310
826478 781462
387308 414133
545424 960442
721948 29512
890972 751921
845107 410036
595593 200322
499607 332531
316925 348031
629041 687765
286745 686579
464341 267215
469737 350820
985507 456878
992295 524872
927215 620444
667549 645561
895318 249492
108606 692592
893629 522225
828937 160346
616668 231185
167917 952861
710062 621877
486419 603239
722569 99892
707867 760159
138069 613604
941003 470332
585855 169368
239421 28151
953900 437517
680556 921854
65704 738834
440742 707571
25883 346500
37157 670416
774589 37308
58592 586606
805905 174294
627276 996771
761291 901619
969651 475457
623656 442672
477655 427974
897273 550568
960446 112760
361733 776626
522157 207258
1039 674441
181704 615707
962870 624524
303699 779353
252647 36706
700453 626673
857944 931430
785968 18098
252822 320057
624913 177529
521138 341582
886857 699258
495204 448488
148924 612599
502200 114380
999750 828687
999375 150770
999207 14327
998282 9344
971978 5746
840286 1118
288525 74
114014 417
20319 2558
6473 21366
2584 114839
1993 240046
402 635049
371 759095
422 979830
13314 996437
47435 999780
712380 999245
853007 998880
966608 995992
987938 989236
999623 969270
