512
63201 1177
45403 58068
705 99314
46078 96170
96605 68923
56126 23834
50938 31239
29602 6107
64349 43372
67858 32104
40209 45658
17612 25057
21962 51544
91741 79268
87951 74547
36057 49717
21629 28565
14660 36879
78003 84739
26665 63943
24574 26729
9896 44335
28531 13909
48932 69221
56552 17052
54223 33684
75901 76225
46835 61154
17089 21639
49866 41401
3973 42834
34269 71256
89376 53059
57880 65358
45330 64202
31555 85878
92534 63967
55734 67009
57052 28070
96947 58697
19676 50687
94794 18515
46202 66395
36184 66811
31448 59610
75749 66729
90302 52959
27263 90923
93834 3656
63926 5932
30751 1836
1334 50705
64267 12620
96341 88511
98854 13360
22573 19914
17351 23764
75903 18359
43438 69863
70353 96789
49943 53958
28500 60548
84259 65333
56028 745
96293 98230
84855 1102
70885 24294
72821 50195
24588 7356
58832 64054
48019 65071
61068 45707
30714 48051
10514 57107
41070 37134
16092 72700
67991 93762
60782 67641
1197 32143
27633 26124
48124 74254
43970 6994
12548 40157
46680 2541
94291 70980
13523 40798
16663 92174
97479 49064
79536 17024
2659 61326
8565 37181
18055 4278
85 41877
84062 22576
26992 89650
15086 32151
67178 11866
78864 10118
39554 57257
25900 27000
80425 93521
27746 86484
96916 23535
26692 69032
41148 64334
65991 18605
96989 56740
89474 69078
9678 73480
13292 55370
57208 69443
10214 52403
59237 57086
63503 7225
11863 26495
19930 7058
31077 4316
52277 77024
8229 95381
73960 38189
31213 1706
2458 65131
31985 87087
16277 38559
18963 9191
65736 82423
46156 59373
96283 7993
89941 54542
57283 65612
70884 7207
70929 33671
47759 27407
75704 82827
89838 2077
7186 25788
63931 37930
41320 72374
595 74161
34245 41901
87953 37779
25601 87256
2182 898
65972 67794
16398 2289
97641 72425
72620 44528
17836 64054
44337 36918
76640 77971
10525 60346
10109 17640
29408 47365
35963 65460
40690 38066
16227 23778
43878 99498
66366 9243
36528 23715
33586 47321
47411 95391
94257 22518
86351 77930
3453 81241
99591 83157
53887 97200
55388 97526
45882 56623
47594 41063
11588 85582
3251 63622
80554 35009
52486 55138
31776 51060
8055 98824
35300 84719
49382 31418
60602 1164
90777 44804
34194 47838
9024 50306
22180 6788
49145 44205
86169 10758
9405 74247
4678 36093
45685 98632
61922 57142
172 53255
76085 57738
81612 70278
86570 63065
70151 67385
95394 96578
38187 10862
69635 51346
7535 46537
73643 87389
5068 73289
95618 32703
29951 88100
99325 15123
4157 7590
12626 86374
25551 98513
74023 94506
25687 83339
19216 35166
71157 13297
96251 36065
74105 90853
34452 30570
6008 98556
69370 66536
87154 52476
37636 68768
14403 62376
5804 12050
50002 95832
24282 81725
83588 32402
38668 54540
70481 80647
7021 35793
38344 89304
63652 30852
51217 30472
49320 36086
84024 17721
53785 95789
67444 59440
39093 39185
8087 18025
87698 26409
47974 971
33307 96987
8495 40389
90430 59053
8535 47271
39708 56283
30487 218
87816 44087
91155 17126
39188 79184
51067 84138
8980 81927
29724 64123
34239 62287
87980 45455
75081 70331
33803 82517
51465 79944
48039 80464
60715 61012
60749 45708
75801 47957
82510 95945
71332 51980
59571 57645
84414 28959
85084 66719
28837 2656
65035 59671
9407 3216
53138 19444
91314 92091
19859 28096
46754 62159
44978 54159
42265 87301
55742 89440
7636 84137
56342 25835
19120 7859
23202 40464
48417 54584
85874 42867
23565 38920
1402 20816
79511 10762
52683 5251
92036 80582
48727 40795
35516 48445
29485 94600
23149 5854
76819 86429
5884 33164
30671 55158
71851 68266
45296 67113
2565 52632
64399 79561
94436 4517
8725 91488
65047 88476
38941 61692
66413 69399
93836 105
25221 65375
88735 12542
88227 19475
6136 80324
65349 3212
82353 41540
68536 26222
10559 17200
22361 10051
50854 18993
78451 82749
59390 41143
8493 86753
66060 9484
53810 57747
86086 9437
77459 98642
75702 65106
86328 92008
97996 98845
58304 89448
98421 93622
81047 97558
20267 6615
35134 85174
73386 31058
89705 90900
4257 78151
21001 7549
32007 10596
43746 81759
5725 46538
73478 4169
38467 38249
56174 81606
30713 89407
78159 37078
94336 32066
21945 86452
3249 19555
84148 3517
75819 61316
57766 83526
14708 39289
6212 45780
75663 71802
31923 19512
46709 27197
215 7870
10166 44693
50103 92425
34877 58803
25489 51711
32418 21083
2715 95181
93072 55730
5185 40806
17308 36120
30853 81348
56123 42094
22921 11540
7343 53397
53440 93102
52307 97132
39212 43636
81512 90937
73978 3128
28720 34162
12830 6795
80627 87754
93877 60699
67961 26931
446 55930
50084 61933
88975 76558
6887 92922
74524 79537
14803 22810
63416 3949
76005 70543
22403 13740
27951 53321
24503 35217
47184 52925
51212 38055
90487 51575
36707 87515
80393 17981
49590 70030
38871 49638
79168 85697
75791 72519
33782 24414
39260 5385
68744 13430
72075 95336
70472 86940
61825 9085
45948 35392
21598 8066
26961 37363
23101 50122
63585 86546
95516 25297
21252 59349
53937 72263
3002 84030
61047 74901
14941 90805
14850 72578
67556 92746
1510 50652
61289 99286
51633 49443
37504 64418
10014 15338
17956 35224
84604 58025
81325 15299
49424 48067
4163 60820
85954 95911
43657 73825
44965 70059
46185 64146
11621 31798
28998 64159
72416 25582
90347 23377
60151 47630
30455 92626
23733 61176
84939 86037
97956 162
61173 16108
75726 12269
27559 90108
5658 18194
56756 38147
92291 39537
72156 67886
33454 68039
22212 76729
61744 24719
44912 45214
94882 44982
18369 26480
21105 71303
46095 21492
8463 46234
58726 48246
35875 29993
65079 83623
46898 90074
67812 13575
56394 74500
34894 86031
84898 57408
32426 92584
29346 37471
57229 57162
66488 43031
79831 78847
96559 31606
73853 2397
94278 42937
56272 42277
87060 82542
43979 232
88290 22021
18315 30385
53390 36992
1606 38547
72668 8894
3933 63332
36978 84733
82210 41023
28720 64663
59355 40694
13495 70085
34561 83300
33342 79547
52399 65956
46478 56404
68418 1090
9958 85869
26585 40727
5523 16315
23627 58873
1938 72368
57425 25231
4739 10996
4973 64276
32916 932
10956 64218
79017 24489
21701 989
89023 27150
29828 58148
66913 19228
53464 65699
99591 83157
99325 15123
97956 162
93836 105
30487 218
2182 898
215 7870
85 41877
172 53255
705 99314
43878 99498
97996 98845
