512
632006 11765
454030 580680
7043 993131
460779 961692
966044 689226
561252 238337
509380 312383
296011 61061
643490 433718
678578 321040
402090 456573
176119 250567
219614 515435
917409 792679
879505 745463
360570 497167
216284 285648
146593 368781
780028 847384
266649 639429
245735 267290
98958 443348
285304 139088
489314 692207
565515 170517
542228 336835
759002 762249
468346 611539
170888 216385
498659 414001
39721 428335
342688 712551
893760 530587
578797 653571
453293 642018
315543 858775
925337 639668
557332 670088
570511 280698
969463 586961
196754 506868
947931 185146
462013 663950
361839 668103
314478 596095
757490 667281
903017 529585
272628 909230
938337 36552
639253 59319
307507 18355
13339 507044
642666 126195
963405 885103
988535 133595
225723 199133
173510 237635
759023 183585
434378 698629
703523 967884
499423 539571
284994 605475
842589 653324
560277 7441
962925 982292
848542 11020
708843 242938
728204 501949
245878 73557
588312 640537
480188 650708
610671 457069
307136 480508
105134 571070
410695 371335
160914 726995
679906 937620
607814 676406
11967 321426
276322 261235
481233 742537
439697 69931
125474 401565
466798 25406
942905 709796
135226 407973
166630 921739
974788 490631
795353 170232
26588 613251
85645 371802
180548 42773
847 418768
840619 225760
269919 896492
150858 321507
671780 118658
788638 101171
395534 572566
258991 269993
804246 935203
277459 864832
969156 235344
266912 690314
411475 643336
659910 186044
969890 567391
894732 690775
96779 734798
132920 553695
572079 694429
102140 524023
592367 570859
635023 72243
118625 264948
199296 70575
310763 43153
522767 770236
82290 953803
739596 381886
312130 17055
24574 651307
319849 870870
162764 385586
189628 91902
657357 824224
461555 593729
962826 79921
899406 545411
572825 656112
708839 72061
709288 336710
477590 274070
757036 828262
898371 20764
71860 257875
639303 379295
413193 723735
5946 741610
342443 419007
879523 377790
256010 872554
21814 8975
659713 677937
163976 22888
976402 724241
726192 445278
178360 640536
443365 369179
766393 779708
105244 603457
101090 176393
294072 473641
359630 654592
406894 380658
162264 237773
438776 994977
663660 92423
365275 237144
335854 473201
474102 953902
942563 225178
863505 779299
34527 812403
995910 831561
538863 971998
553877 975258
458814 566226
475934 410630
115874 855815
32506 636211
805540 350088
524851 551375
317751 510591
80548 988232
352994 847186
493819 314175
606012 11632
907768 448037
341940 478376
90237 503052
221799 67871
491445 442041
861689 107575
94044 742467
46771 360925
456847 986311
619212 571418
1712 532542
760844 577378
816120 702776
865696 630641
701508 673841
953938 965775
381870 108613
696343 513459
75343 465361
736422 873886
50675 732890
956172 327023
299507 880997
993242 151229
41568 75895
126257 863734
255510 985122
740228 945057
256867 833386
192153 351659
711563 132962
962502 360649
741041 908527
344512 305697
60076 985559
693697 665358
871533 524756
376359 687672
144030 623751
58031 120496
500011 958313
242813 817244
835880 324016
386679 545393
704801 806470
70202 357927
383439 893034
636520 308515
512161 304713
493200 360858
840234 177202
537844 957885
674435 594400
390921 391845
80870 180248
876974 264083
479736 9703
333061 969870
84950 403890
904292 590527
85342 472710
397079 562822
304867 2172
878154 440868
911543 171253
391876 791833
510663 841374
89799 819267
297240 641228
342385 622867
879791 454549
750808 703304
338030 825170
514650 799438
480389 804633
607145 610117
607489 457078
758008 479569
825095 959446
713317 519798
595706 576446
844135 289581
850835 667187
288369 26558
650343 596704
94068 32153
531371 194436
913139 920907
198582 280959
467537 621584
449776 541585
422650 873008
557419 894398
76351 841361
563411 258343
191199 78581
232011 404633
484168 545836
858732 428668
235645 389195
14012 208157
795104 107619
526825 52508
920360 805813
487269 407943
355160 484442
294841 945995
231487 58537
768187 864285
58838 331638
306707 551571
718504 682652
452958 671125
25650 526314
643981 795606
944358 45170
87244 914875
650464 884759
389402 616912
664125 693986
938359 1050
252209 653749
887341 125411
882267 194745
61359 803240
653490 32118
823522 415395
685354 262212
105582 172000
223606 100506
508535 189921
784510 827484
593900 411428
84921 867523
660592 94835
538100 577470
860860 94368
774581 986411
757018 651060
863280 920077
979958 988441
583031 894471
984205 936217
810461 975574
202662 66142
351337 851737
733853 310578
897048 908998
42567 781510
210010 75485
320070 105954
437453 817589
57250 465374
734777 41688
384663 382483
561732 816059
307130 894070
781586 370771
943359 320651
219444 864516
32490 195546
841473 35162
758184 613151
577653 835254
147071 392887
62119 457793
756623 718016
319224 195117
467089 271964
2143 78698
101651 446925
501029 924241
348765 588027
254882 517104
324179 210829
27144 951807
930715 557299
51842 408057
173072 361200
308522 813473
561229 420935
229208 115400
73429 533961
534394 931012
523063 971315
392120 436351
815117 909362
739777 31278
287191 341618
128294 67947
806270 877538
938763 606990
679607 269305
4451 559294
500839 619330
889749 765579
68869 929213
745238 795361
148027 228100
634156 39484
760047 705430
224022 137395
279507 533208
245024 352165
471840 529245
512119 380547
904863 515744
367069 875141
803922 179803
495899 700297
388701 496380
791674 856964
757901 725185
337814 244138
392593 53848
687437 134296
720746 953351
704720 869393
618248 90847
459472 353915
215980 80655
269601 373627
231010 501212
635846 865460
955155 252969
212520 593481
539365 722622
30013 840294
610467 749005
149403 908046
148500 725771
675555 927451
15100 506519
612886 992853
516323 494422
375033 644176
100131 153378
179559 352234
846037 580242
813249 152987
494236 480670
41628 608193
859531 959103
436564 738249
449650 700585
461850 641460
116210 317971
289980 641589
724151 255818
903463 233764
601509 476297
304543 926251
237329 611754
849383 860366
979554 1619
611725 161078
757255 122683
275586 901073
56571 181933
567560 381465
922909 395361
721557 678857
334538 680387
222114 767283
617436 247187
449113 452134
948820 449817
183685 264791
211048 713021
460949 214919
84624 462335
587253 482455
358743 299927
650786 836226
468976 900733
678119 135741
563933 744991
348933 860301
848972 574078
324254 925840
293458 374701
572286 571613
664877 430303
798303 788464
965587 316059
738529 23964
942773 429370
562720 422767
870599 825416
439781 2313
882895 220210
183150 303841
533898 369911
16056 385465
726676 88938
39327 633315
369772 847321
822092 410228
287195 646623
593550 406936
134944 700844
345609 832993
333420 795468
523984 659559
464778 564038
684177 10891
99578 858688
265846 407262
55221 163150
236264 588730
19380 723674
574247 252307
47385 109953
49724 642753
329157 9315
109555 642178
790161 244887
217004 9889
890227 271493
298275 581474
669130 192271
534637 656987
995910 831561
993242 151229
979554 1619
938359 1050
304867 2172
21814 8975
2143 78698
847 418768
1712 532542
7043 993131
438776 994977
979958 988441
